id: 69f6d9b9-4ced-4c5a-8760-a87267b44abe
version: V11
name: pig
state: ENABLED
type: PIG
created_at: 1576287047
entry_fee: 0.0
walk_speed: 0.2
spawn:
  x: 7.5
  y: 76.0
  z: 263.5
  pitch: 30.599419
  yaw: 73.38681
  world: world
checkpoints:
  a3d66cec-d182-43e2-9d27-56e7722feec1:
    position: 1
    location:
      x: -0.5
      y: 74.5
      z: 259.5
      pitch: 10.1994705
      yaw: 282.6361
      world: world
    radius: 3
  253b9563-6fb2-4a4c-840b-dbaa933bbd5f:
    position: 2
    location:
      x: -6.5
      y: 73.5
      z: 254.5
      pitch: 59.399654
      yaw: 32.882935
      world: world
    radius: 3
startPoints:
  0f04e618-9418-4c80-a176-9c6006bd3bd7:
    position: 1
    location:
      x: 6.5
      y: 76.0
      z: 262.5
      pitch: 28.949423
      yaw: 138.78716
      world: world
  d179820b-6181-4ff0-938c-625f58c0cddc:
    position: 2
    location:
      x: 10.5
      y: 76.0
      z: 259.5
      pitch: 28.949423
      yaw: 138.78716
      world: world
potion_effects: {}
signs: []
results:
- player_id: 084859ed-3139-40a5-a17a-8d94ba29597c
  name: hornta
  runs: 2
  wins: 2
  duration: 9039
min_required_participants_to_start: 1
pig_speed: 0.25
horse_speed: 0.225
horse_jump_strength: 0.7
commands: []
