lastAccountName: hornta
timestamps:
  login: 1573985850034
  logout: 1573985978864
ipAddress: 127.0.0.1
money: '1500'
afk: false
logoutlocation:
  world: world
  x: 176.88249305442082
  y: 63.0
  z: -160.94999998807907
  yaw: 44.09671
  pitch: 16.19955
lastlocation:
  world: world
  x: 179.99967712522914
  y: 63.0
  z: -161.38642075777614
  yaw: 90.15009
  pitch: 23.249928
