lastAccountName: cullago
timestamps:
  login: 1573928344671
  logout: 1573930433474
ipAddress: 127.0.0.1
logoutlocation:
  world: world
  x: 177.5678984528148
  y: 63.0
  z: -151.8161244083144
  yaw: 153.35303
  pitch: 19.9495
